19780
649
14664
4467

166 18 96 184 59 104 153 196 60 106 116 118 77 88 179 194 198 5 93 177 37 68 70 80 83 98 150 3 54 148 158 182 82 85 122 4 84 100 114 130 155 173 193 197 10 30 61 62 145 159 189 51 134 48 75 108 125 16 45 123 165 174 191 15 141 20 44 113 120 124 139 160 9 19 128 187 11 32 39 103 107 126 168 188 43 47 63 131 164 175 86 23 34 161 170 135 71 66 35 36 140 143 181 38 49 67 136 64 65 17 50 111 81 

6
156 112 89 147 6 183 94 95 92 151 97 117 
146 27 167 69 132 1 101 162 90 31 190 127 7 46 8 199 52 
53 105 26 149 195 109 12 138 154 28 76 78 55 
58 152 40 180 21 73 171 74 41 22 133 186 56 110 
176 102 157 33 185 79 129 169 121 29 163 24 25 72 99 
13 137 2 178 115 57 144 87 172 42 142 14 119 192 91 
