10474
620
4890
4964

166 18 96 184 59 99 104 153 196 60 106 116 118 77 88 179 194 198 5 93 177 37 68 70 80 83 98 110 150 3 54 148 158 182 82 85 122 199 4 84 100 114 130 155 173 193 197 10 30 61 62 145 159 189 8 51 134 48 75 108 41 125 16 45 56 123 165 174 191 15 141 20 44 113 120 124 139 160 186 9 19 128 187 11 25 32 39 103 107 126 168 188 43 47 63 131 164 175 86 23 34 161 170 135 71 66 35 36 140 143 181 38 49 67 136 64 65 17 

6
112 95 92 151 97 117 94 183 6 147 89 156 
162 101 31 190 127 7 46 52 146 27 167 69 1 176 132 
28 138 154 12 76 24 55 109 195 149 26 105 53 
72 74 133 22 171 73 21 152 58 40 180 90 
79 129 163 121 29 169 78 81 33 185 157 102 50 111 
13 172 42 142 14 119 192 91 87 144 57 178 115 2 137 
