28518
942
24440
3136

199 88 179 198 70 110 122 4 130 155 197 30 145 51 134 48 75 108 41 16 56 123 191 15 141 20 44 113 120 124 139 160 186 9 19 128 187 11 25 32 39 103 107 126 168 188 43 47 63 131 164 175 86 23 34 161 170 135 71 66 35 36 140 143 181 38 49 67 136 64 65 

10
156 112 95 92 151 97 117 94 183 6 147 89 
167 69 132 176 1 101 162 31 190 127 7 46 52 146 27 
28 138 154 76 184 24 55 109 195 149 26 105 53 
180 72 74 133 22 171 73 21 40 58 152 90 
12 163 29 121 169 78 129 79 185 81 33 157 102 50 
2 178 115 57 144 87 172 42 142 14 119 192 91 17 13 137 
182 148 62 159 10 189 194 106 153 18 166 
98 37 100 193 85 61 173 84 93 59 104 99 96 
111 177 54 165 150 80 68 77 3 158 116 196 
5 118 60 83 114 8 174 125 45 82 
