8749
160
1630
6959

52 53 28 105 58 111 138 152 154 13 26 40 180 137 12 149 166 18 76 96 184 195 50 2 59 99 104 109 153 196 21 60 87 106 116 118 178 77 102 115 179 194 198 5 73 93 144 177 37 68 70 80 83 98 110 150 157 3 54 72 148 158 182 57 82 85 122 171 172 199 4 33 74 84 100 114 130 155 173 185 193 197 10 30 42 61 62 79 91 145 159 189 8 22 51 129 134 163 48 75 81 108 121 133 41 125 142 192 16 24 29 45 56 123 165 169 174 191 15 17 55 141 20 44 78 113 119 120 124 139 160 186 9 14 19 90 128 187 11 25 32 39 103 107 126 168 188 43 47 63 131 164 175 86 23 34 161 170 135 71 66 35 36 140 143 181 38 49 67 136 64 65 

2
89 147 6 183 94 95 92 151 97 117 112 156 
27 167 69 132 176 1 101 162 31 190 127 88 7 46 146 
